-0.0000000000  0.0 
0.0125660399  0.0 
0.0251300954  0.0 
0.0376901827  0.0 
0.0502443182  0.0 
0.0627905195  0.0 
0.0753268055  0.0 
0.0878511965  0.0 
0.1003617149  0.0 
0.1128563849  0.0 
0.1253332336  0.0 
0.1377902907  0.0 
0.1502255891  0.0 
0.1626371652  0.0 
0.1750230590  0.0 
0.1873813146  0.0 
0.1997099805  0.0 
0.2120071099  0.0 
0.2242707609  0.0 
0.2364989970  0.0 
0.2486898872  0.0 
0.2608415063  0.0 
0.2729519355  0.0 
0.2850192625  0.0 
0.2970415816  0.0 
0.3090169944  0.0 
0.3209436098  0.0 
0.3328195445  0.0 
0.3446429232  0.0 
0.3564118787  0.0 
0.3681245527  0.0 
0.3797790955  0.0 
0.3913736668  0.0 
0.4029064357  0.0 
0.4143755810  0.0 
0.4257792916  0.0 
0.4371157667  0.0 
0.4483832161  0.0 
0.4595798606  0.0 
0.4707039322  0.0 
0.4817536741  0.0 
0.4927273415  0.0 
0.5036232016  0.0 
0.5144395338  0.0 
0.5251746300  0.0 
0.5358267950  0.0 
0.5463943467  0.0 
0.5568756165  0.0 
0.5672689491  0.0 
0.5775727034  0.0 
0.5877852523  0.0 
0.5979049831  0.0 
0.6079302977  0.0 
0.6178596131  0.0 
0.6276913613  0.0 
0.6374239897  0.0 
0.6470559616  0.0 
0.6565857558  0.0 
0.6660118674  0.0 
0.6753328081  0.0 
0.6845471059  0.0 
0.6936533058  0.0 
0.7026499698  0.0 
0.7115356772  0.0 
0.7203090249  0.0 
0.7289686274  0.0 
0.7375131174  0.0 
0.7459411454  0.0 
0.7542513807  0.0 
0.7624425110  0.0 
0.7705132428  0.0 
0.7784623016  0.0 
0.7862884321  0.0 
0.7939903986  0.0 
0.8015669849  0.0 
0.8090169944  0.0 
0.8163392507  0.0 
0.8235325976  0.0 
0.8305958992  0.0 
0.8375280400  0.0 
0.8443279255  0.0 
0.8509944818  0.0 
0.8575266562  0.0 
0.8639234172  0.0 
0.8701837547  0.0 
0.8763066800  0.0 
0.8822912264  0.0 
0.8881364488  0.0 
0.8938414242  0.0 
0.8994052516  0.0 
0.9048270525  0.0 
0.9101059707  0.0 
0.9152411726  0.0 
0.9202318474  0.0 
0.9250772068  0.0 
0.9297764859  0.0 
0.9343289425  0.0 
0.9387338577  0.0 
0.9429905359  0.0 
0.9470983050  0.0 
0.9510565163  0.0 
0.9548645447  0.0 
0.9585217890  0.0 
0.9620276716  0.0 
0.9653816388  0.0 
0.9685831611  0.0 
0.9716317329  0.0 
0.9745268728  0.0 
0.9772681236  0.0 
0.9798550524  0.0 
0.9822872507  0.0 
0.9845643345  0.0 
0.9866859442  0.0 
0.9886517447  0.0 
0.9904614257  0.0 
0.9921147013  0.0 
0.9936113105  0.0 
0.9949510170  0.0 
0.9961336091  0.0 
0.9971589003  0.0 
0.9980267284  0.0 
0.9987369566  0.0 
0.9992894726  0.0 
0.9996841893  0.0 
0.9999210442  0.0 
1.0000000000  0.0 
0.9999210442  0.0 
0.9996841893  0.0 
0.9992894726  0.0 
0.9987369566  0.0 
0.9980267284  0.0 
0.9971589003  0.0 
0.9961336091  0.0 
0.9949510170  0.0 
0.9936113105  0.0 
0.9921147013  0.0 
0.9904614257  0.0 
0.9886517447  0.0 
0.9866859442  0.0 
0.9845643345  0.0 
0.9822872507  0.0 
0.9798550524  0.0 
0.9772681236  0.0 
0.9745268728  0.0 
0.9716317329  0.0 
0.9685831611  0.0 
0.9653816388  0.0 
0.9620276716  0.0 
0.9585217890  0.0 
0.9548645447  0.0 
0.9510565163  0.0 
0.9470983050  0.0 
0.9429905359  0.0 
0.9387338577  0.0 
0.9343289425  0.0 
0.9297764859  0.0 
0.9250772068  0.0 
0.9202318474  0.0 
0.9152411726  0.0 
0.9101059707  0.0 
0.9048270525  0.0 
0.8994052516  0.0 
0.8938414242  0.0 
0.8881364488  0.0 
0.8822912264  0.0 
0.8763066800  0.0 
0.8701837547  0.0 
0.8639234172  0.0 
0.8575266562  0.0 
0.8509944818  0.0 
0.8443279255  0.0 
0.8375280400  0.0 
0.8305958992  0.0 
0.8235325976  0.0 
0.8163392507  0.0 
0.8090169944  0.0 
0.8015669849  0.0 
0.7939903986  0.0 
0.7862884321  0.0 
0.7784623016  0.0 
0.7705132428  0.0 
0.7624425110  0.0 
0.7542513807  0.0 
0.7459411454  0.0 
0.7375131174  0.0 
0.7289686274  0.0 
0.7203090249  0.0 
0.7115356772  0.0 
0.7026499698  0.0 
0.6936533058  0.0 
0.6845471059  0.0 
0.6753328081  0.0 
0.6660118674  0.0 
0.6565857558  0.0 
0.6470559616  0.0 
0.6374239897  0.0 
0.6276913613  0.0 
0.6178596131  0.0 
0.6079302977  0.0 
0.5979049831  0.0 
0.5877852523  0.0 
0.5775727034  0.0 
0.5672689491  0.0 
0.5568756165  0.0 
0.5463943467  0.0 
0.5358267950  0.0 
0.5251746300  0.0 
0.5144395338  0.0 
0.5036232016  0.0 
0.4927273415  0.0 
0.4817536741  0.0 
0.4707039322  0.0 
0.4595798606  0.0 
0.4483832161  0.0 
0.4371157667  0.0 
0.4257792916  0.0 
0.4143755810  0.0 
0.4029064357  0.0 
0.3913736668  0.0 
0.3797790955  0.0 
0.3681245527  0.0 
0.3564118787  0.0 
0.3446429232  0.0 
0.3328195445  0.0 
0.3209436098  0.0 
0.3090169944  0.0 
0.2970415816  0.0 
0.2850192625  0.0 
0.2729519355  0.0 
0.2608415063  0.0 
0.2486898872  0.0 
0.2364989970  0.0 
0.2242707610  0.0 
0.2120071099  0.0 
0.1997099805  0.0 
0.1873813146  0.0 
0.1750230590  0.0 
0.1626371652  0.0 
0.1502255891  0.0 
0.1377902907  0.0 
0.1253332336  0.0 
0.1128563849  0.0 
0.1003617149  0.0 
0.0878511966  0.0 
0.0753268055  0.0 
0.0627905195  0.0 
0.0502443182  0.0 
0.0376901827  0.0 
0.0251300954  0.0 
0.0125660399  0.0 
0.0000000000  0.0 
-0.0125660399  0.0 
-0.0251300954  0.0 
-0.0376901827  0.0 
-0.0502443182  0.0 
-0.0627905195  0.0 
-0.0753268055  0.0 
-0.0878511966  0.0 
-0.1003617149  0.0 
-0.1128563849  0.0 
-0.1253332336  0.0 
-0.1377902907  0.0 
-0.1502255891  0.0 
-0.1626371652  0.0 
-0.1750230590  0.0 
-0.1873813146  0.0 
-0.1997099805  0.0 
-0.2120071099  0.0 
-0.2242707609  0.0 
-0.2364989970  0.0 
-0.2486898872  0.0 
-0.2608415063  0.0 
-0.2729519355  0.0 
-0.2850192625  0.0 
-0.2970415816  0.0 
-0.3090169944  0.0 
-0.3209436098  0.0 
-0.3328195445  0.0 
-0.3446429232  0.0 
-0.3564118787  0.0 
-0.3681245527  0.0 
-0.3797790955  0.0 
-0.3913736668  0.0 
-0.4029064357  0.0 
-0.4143755810  0.0 
-0.4257792916  0.0 
-0.4371157667  0.0 
-0.4483832161  0.0 
-0.4595798606  0.0 
-0.4707039322  0.0 
-0.4817536741  0.0 
-0.4927273415  0.0 
-0.5036232016  0.0 
-0.5144395338  0.0 
-0.5251746300  0.0 
-0.5358267950  0.0 
-0.5463943467  0.0 
-0.5568756165  0.0 
-0.5672689491  0.0 
-0.5775727034  0.0 
-0.5877852523  0.0 
-0.5979049831  0.0 
-0.6079302977  0.0 
-0.6178596131  0.0 
-0.6276913613  0.0 
-0.6374239897  0.0 
-0.6470559616  0.0 
-0.6565857558  0.0 
-0.6660118674  0.0 
-0.6753328081  0.0 
-0.6845471059  0.0 
-0.6936533058  0.0 
-0.7026499698  0.0 
-0.7115356772  0.0 
-0.7203090249  0.0 
-0.7289686274  0.0 
-0.7375131174  0.0 
-0.7459411454  0.0 
-0.7542513807  0.0 
-0.7624425110  0.0 
-0.7705132428  0.0 
-0.7784623016  0.0 
-0.7862884321  0.0 
-0.7939903986  0.0 
-0.8015669849  0.0 
-0.8090169944  0.0 
-0.8163392507  0.0 
-0.8235325976  0.0 
-0.8305958992  0.0 
-0.8375280400  0.0 
-0.8443279255  0.0 
-0.8509944818  0.0 
-0.8575266562  0.0 
-0.8639234172  0.0 
-0.8701837547  0.0 
-0.8763066800  0.0 
-0.8822912264  0.0 
-0.8881364488  0.0 
-0.8938414242  0.0 
-0.8994052516  0.0 
-0.9048270525  0.0 
-0.9101059707  0.0 
-0.9152411726  0.0 
-0.9202318474  0.0 
-0.9250772068  0.0 
-0.9297764859  0.0 
-0.9343289425  0.0 
-0.9387338577  0.0 
-0.9429905359  0.0 
-0.9470983050  0.0 
-0.9510565163  0.0 
-0.9548645447  0.0 
-0.9585217890  0.0 
-0.9620276716  0.0 
-0.9653816388  0.0 
-0.9685831611  0.0 
-0.9716317329  0.0 
-0.9745268728  0.0 
-0.9772681236  0.0 
-0.9798550524  0.0 
-0.9822872507  0.0 
-0.9845643345  0.0 
-0.9866859442  0.0 
-0.9886517447  0.0 
-0.9904614257  0.0 
-0.9921147013  0.0 
-0.9936113105  0.0 
-0.9949510170  0.0 
-0.9961336091  0.0 
-0.9971589003  0.0 
-0.9980267284  0.0 
-0.9987369566  0.0 
-0.9992894726  0.0 
-0.9996841893  0.0 
-0.9999210442  0.0 
-1.0000000000  0.0 
-0.9999210442  0.0 
-0.9996841893  0.0 
-0.9992894726  0.0 
-0.9987369566  0.0 
-0.9980267284  0.0 
-0.9971589003  0.0 
-0.9961336091  0.0 
-0.9949510170  0.0 
-0.9936113105  0.0 
-0.9921147013  0.0 
-0.9904614257  0.0 
-0.9886517447  0.0 
-0.9866859442  0.0 
-0.9845643345  0.0 
-0.9822872507  0.0 
-0.9798550524  0.0 
-0.9772681236  0.0 
-0.9745268728  0.0 
-0.9716317329  0.0 
-0.9685831611  0.0 
-0.9653816388  0.0 
-0.9620276716  0.0 
-0.9585217890  0.0 
-0.9548645447  0.0 
-0.9510565163  0.0 
-0.9470983050  0.0 
-0.9429905359  0.0 
-0.9387338577  0.0 
-0.9343289425  0.0 
-0.9297764859  0.0 
-0.9250772068  0.0 
-0.9202318474  0.0 
-0.9152411726  0.0 
-0.9101059707  0.0 
-0.9048270525  0.0 
-0.8994052516  0.0 
-0.8938414242  0.0 
-0.8881364488  0.0 
-0.8822912264  0.0 
-0.8763066800  0.0 
-0.8701837547  0.0 
-0.8639234172  0.0 
-0.8575266562  0.0 
-0.8509944818  0.0 
-0.8443279255  0.0 
-0.8375280400  0.0 
-0.8305958992  0.0 
-0.8235325976  0.0 
-0.8163392507  0.0 
-0.8090169944  0.0 
-0.8015669849  0.0 
-0.7939903986  0.0 
-0.7862884321  0.0 
-0.7784623016  0.0 
-0.7705132428  0.0 
-0.7624425110  0.0 
-0.7542513807  0.0 
-0.7459411454  0.0 
-0.7375131174  0.0 
-0.7289686274  0.0 
-0.7203090249  0.0 
-0.7115356772  0.0 
-0.7026499698  0.0 
-0.6936533058  0.0 
-0.6845471059  0.0 
-0.6753328081  0.0 
-0.6660118674  0.0 
-0.6565857558  0.0 
-0.6470559616  0.0 
-0.6374239897  0.0 
-0.6276913613  0.0 
-0.6178596131  0.0 
-0.6079302977  0.0 
-0.5979049831  0.0 
-0.5877852523  0.0 
-0.5775727034  0.0 
-0.5672689491  0.0 
-0.5568756165  0.0 
-0.5463943467  0.0 
-0.5358267950  0.0 
-0.5251746300  0.0 
-0.5144395338  0.0 
-0.5036232016  0.0 
-0.4927273415  0.0 
-0.4817536741  0.0 
-0.4707039322  0.0 
-0.4595798606  0.0 
-0.4483832161  0.0 
-0.4371157667  0.0 
-0.4257792916  0.0 
-0.4143755810  0.0 
-0.4029064357  0.0 
-0.3913736668  0.0 
-0.3797790955  0.0 
-0.3681245527  0.0 
-0.3564118787  0.0 
-0.3446429232  0.0 
-0.3328195445  0.0 
-0.3209436098  0.0 
-0.3090169944  0.0 
-0.2970415816  0.0 
-0.2850192625  0.0 
-0.2729519355  0.0 
-0.2608415063  0.0 
-0.2486898872  0.0 
-0.2364989970  0.0 
-0.2242707609  0.0 
-0.2120071099  0.0 
-0.1997099805  0.0 
-0.1873813146  0.0 
-0.1750230590  0.0 
-0.1626371652  0.0 
-0.1502255891  0.0 
-0.1377902907  0.0 
-0.1253332336  0.0 
-0.1128563849  0.0 
-0.1003617149  0.0 
-0.0878511966  0.0 
-0.0753268055  0.0 
-0.0627905195  0.0 
-0.0502443182  0.0 
-0.0376901827  0.0 
-0.0251300954  0.0 
-0.0125660399  0.0 
-0.0000000000  0.0 
0.0125660399  0.0 
0.0251300954  0.0 
0.0376901827  0.0 
0.0502443182  0.0 
0.0627905195  0.0 
0.0753268055  0.0 
0.0878511966  0.0 
0.1003617149  0.0 
0.1128563849  0.0 
0.1253332336  0.0 
0.1377902907  0.0 
0.1502255891  0.0 
0.1626371652  0.0 
0.1750230590  0.0 
0.1873813146  0.0 
0.1997099805  0.0 
0.2120071099  0.0 
0.2242707609  0.0 
0.2364989970  0.0 
0.2486898872  0.0 
0.2608415063  0.0 
0.2729519355  0.0 
0.2850192625  0.0 
0.2970415816  0.0 
0.3090169944  0.0 
0.3209436098  0.0 
0.3328195445  0.0 
0.3446429232  0.0 
0.3564118787  0.0 
0.3681245527  0.0 
0.3797790955  0.0 
0.3913736668  0.0 
0.4029064357  0.0 
0.4143755810  0.0 
0.4257792916  0.0 
0.4371157667  0.0 
0.4483832161  0.0 
0.4595798606  0.0 
0.4707039322  0.0 
0.4817536741  0.0 
0.4927273415  0.0 
0.5036232016  0.0 
0.5144395338  0.0 
0.5251746300  0.0 
0.5358267950  0.0 
0.5463943467  0.0 
0.5568756165  0.0 
0.5672689491  0.0 
0.5775727034  0.0 
0.5877852523  0.0 
0.5979049831  0.0 
0.6079302977  0.0 
0.6178596131  0.0 
0.6276913613  0.0 
0.6374239897  0.0 
0.6470559616  0.0 
0.6565857558  0.0 
0.6660118674  0.0 
0.6753328081  0.0 
0.6845471059  0.0 
0.6936533058  0.0 
0.7026499698  0.0 
0.7115356772  0.0 
0.7203090249  0.0 
0.7289686274  0.0 
0.7375131174  0.0 
0.7459411454  0.0 
0.7542513807  0.0 
0.7624425110  0.0 
0.7705132428  0.0 
0.7784623016  0.0 
0.7862884321  0.0 
0.7939903986  0.0 
0.8015669849  0.0 
0.8090169944  0.0 
0.8163392507  0.0 
0.8235325976  0.0 
0.8305958992  0.0 
0.8375280400  0.0 
0.8443279255  0.0 
0.8509944818  0.0 
0.8575266562  0.0 
0.8639234172  0.0 
0.8701837547  0.0 
0.8763066800  0.0 
0.8822912264  0.0 
0.8881364488  0.0 
0.8938414242  0.0 
0.8994052516  0.0 
0.9048270525  0.0 
0.9101059707  0.0 
0.9152411726  0.0 
0.9202318474  0.0 
0.9250772068  0.0 
0.9297764859  0.0 
0.9343289425  0.0 
0.9387338577  0.0 
0.9429905359  0.0 
0.9470983050  0.0 
0.9510565163  0.0 
0.9548645447  0.0 
0.9585217890  0.0 
0.9620276716  0.0 
0.9653816388  0.0 
0.9685831611  0.0 
0.9716317329  0.0 
0.9745268728  0.0 
0.9772681236  0.0 
0.9798550524  0.0 
0.9822872507  0.0 
0.9845643345  0.0 
0.9866859442  0.0 
0.9886517447  0.0 
0.9904614257  0.0 
0.9921147013  0.0 
0.9936113105  0.0 
0.9949510170  0.0 
0.9961336091  0.0 
0.9971589003  0.0 
0.9980267284  0.0 
0.9987369566  0.0 
0.9992894726  0.0 
0.9996841893  0.0 
0.9999210442  0.0 
1.0000000000  0.0 
0.9999210442  0.0 
0.9996841893  0.0 
0.9992894726  0.0 
0.9987369566  0.0 
0.9980267284  0.0 
0.9971589003  0.0 
0.9961336091  0.0 
0.9949510170  0.0 
0.9936113105  0.0 
0.9921147013  0.0 
0.9904614257  0.0 
0.9886517447  0.0 
0.9866859442  0.0 
0.9845643345  0.0 
0.9822872507  0.0 
0.9798550524  0.0 
0.9772681236  0.0 
0.9745268728  0.0 
0.9716317329  0.0 
0.9685831611  0.0 
0.9653816388  0.0 
0.9620276716  0.0 
0.9585217890  0.0 
0.9548645447  0.0 
0.9510565163  0.0 
0.9470983050  0.0 
0.9429905359  0.0 
0.9387338577  0.0 
0.9343289425  0.0 
0.9297764859  0.0 
0.9250772068  0.0 
0.9202318474  0.0 
0.9152411726  0.0 
0.9101059707  0.0 
0.9048270525  0.0 
0.8994052516  0.0 
0.8938414242  0.0 
0.8881364488  0.0 
0.8822912264  0.0 
0.8763066800  0.0 
0.8701837547  0.0 
0.8639234172  0.0 
0.8575266562  0.0 
0.8509944818  0.0 
0.8443279255  0.0 
0.8375280400  0.0 
0.8305958992  0.0 
0.8235325976  0.0 
0.8163392507  0.0 
0.8090169944  0.0 
0.8015669849  0.0 
0.7939903986  0.0 
0.7862884321  0.0 
0.7784623016  0.0 
0.7705132428  0.0 
0.7624425110  0.0 
0.7542513807  0.0 
0.7459411454  0.0 
0.7375131174  0.0 
0.7289686274  0.0 
0.7203090249  0.0 
0.7115356772  0.0 
0.7026499698  0.0 
0.6936533058  0.0 
0.6845471059  0.0 
0.6753328081  0.0 
0.6660118674  0.0 
0.6565857558  0.0 
0.6470559616  0.0 
0.6374239897  0.0 
0.6276913613  0.0 
0.6178596131  0.0 
0.6079302977  0.0 
0.5979049831  0.0 
0.5877852523  0.0 
0.5775727034  0.0 
0.5672689491  0.0 
0.5568756165  0.0 
0.5463943467  0.0 
0.5358267950  0.0 
0.5251746300  0.0 
0.5144395338  0.0 
0.5036232016  0.0 
0.4927273415  0.0 
0.4817536741  0.0 
0.4707039322  0.0 
0.4595798606  0.0 
0.4483832161  0.0 
0.4371157667  0.0 
0.4257792916  0.0 
0.4143755810  0.0 
0.4029064357  0.0 
0.3913736668  0.0 
0.3797790955  0.0 
0.3681245527  0.0 
0.3564118787  0.0 
0.3446429232  0.0 
0.3328195445  0.0 
0.3209436098  0.0 
0.3090169944  0.0 
0.2970415816  0.0 
0.2850192625  0.0 
0.2729519355  0.0 
0.2608415063  0.0 
0.2486898872  0.0 
0.2364989970  0.0 
0.2242707609  0.0 
0.2120071099  0.0 
0.1997099805  0.0 
0.1873813146  0.0 
0.1750230590  0.0 
0.1626371652  0.0 
0.1502255891  0.0 
0.1377902907  0.0 
0.1253332336  0.0 
0.1128563849  0.0 
0.1003617149  0.0 
0.0878511966  0.0 
0.0753268055  0.0 
0.0627905195  0.0 
0.0502443182  0.0 
0.0376901827  0.0 
0.0251300954  0.0 
0.0125660399  0.0 
0.0000000000  0.0 
-0.0125660399  0.0 
-0.0251300954  0.0 
-0.0376901827  0.0 
-0.0502443182  0.0 
-0.0627905195  0.0 
-0.0753268055  0.0 
-0.0878511966  0.0 
-0.1003617149  0.0 
-0.1128563849  0.0 
-0.1253332336  0.0 
-0.1377902907  0.0 
-0.1502255891  0.0 
-0.1626371652  0.0 
-0.1750230590  0.0 
-0.1873813146  0.0 
-0.1997099805  0.0 
-0.2120071099  0.0 
-0.2242707609  0.0 
-0.2364989970  0.0 
-0.2486898872  0.0 
-0.2608415063  0.0 
-0.2729519355  0.0 
-0.2850192625  0.0 
-0.2970415816  0.0 
-0.3090169944  0.0 
-0.3209436098  0.0 
-0.3328195445  0.0 
-0.3446429232  0.0 
-0.3564118787  0.0 
-0.3681245527  0.0 
-0.3797790955  0.0 
-0.3913736668  0.0 
-0.4029064357  0.0 
-0.4143755810  0.0 
-0.4257792916  0.0 
-0.4371157667  0.0 
-0.4483832161  0.0 
-0.4595798606  0.0 
-0.4707039322  0.0 
-0.4817536741  0.0 
-0.4927273415  0.0 
-0.5036232016  0.0 
-0.5144395338  0.0 
-0.5251746300  0.0 
-0.5358267950  0.0 
-0.5463943467  0.0 
-0.5568756165  0.0 
-0.5672689491  0.0 
-0.5775727034  0.0 
-0.5877852523  0.0 
-0.5979049831  0.0 
-0.6079302977  0.0 
-0.6178596131  0.0 
-0.6276913613  0.0 
-0.6374239897  0.0 
-0.6470559616  0.0 
-0.6565857558  0.0 
-0.6660118674  0.0 
-0.6753328081  0.0 
-0.6845471059  0.0 
-0.6936533058  0.0 
-0.7026499698  0.0 
-0.7115356772  0.0 
-0.7203090249  0.0 
-0.7289686274  0.0 
-0.7375131174  0.0 
-0.7459411454  0.0 
-0.7542513807  0.0 
-0.7624425110  0.0 
-0.7705132428  0.0 
-0.7784623016  0.0 
-0.7862884321  0.0 
-0.7939903986  0.0 
-0.8015669849  0.0 
-0.8090169944  0.0 
-0.8163392507  0.0 
-0.8235325976  0.0 
-0.8305958992  0.0 
-0.8375280400  0.0 
-0.8443279255  0.0 
-0.8509944818  0.0 
-0.8575266562  0.0 
-0.8639234172  0.0 
-0.8701837547  0.0 
-0.8763066800  0.0 
-0.8822912264  0.0 
-0.8881364488  0.0 
-0.8938414242  0.0 
-0.8994052516  0.0 
-0.9048270525  0.0 
-0.9101059707  0.0 
-0.9152411726  0.0 
-0.9202318474  0.0 
-0.9250772068  0.0 
-0.9297764859  0.0 
-0.9343289425  0.0 
-0.9387338577  0.0 
-0.9429905359  0.0 
-0.9470983050  0.0 
-0.9510565163  0.0 
-0.9548645447  0.0 
-0.9585217890  0.0 
-0.9620276716  0.0 
-0.9653816388  0.0 
-0.9685831611  0.0 
-0.9716317329  0.0 
-0.9745268728  0.0 
-0.9772681236  0.0 
-0.9798550524  0.0 
-0.9822872507  0.0 
-0.9845643345  0.0 
-0.9866859442  0.0 
-0.9886517447  0.0 
-0.9904614257  0.0 
-0.9921147013  0.0 
-0.9936113105  0.0 
-0.9949510170  0.0 
-0.9961336091  0.0 
-0.9971589003  0.0 
-0.9980267284  0.0 
-0.9987369566  0.0 
-0.9992894726  0.0 
-0.9996841893  0.0 
-0.9999210442  0.0 
-1.0000000000  0.0 
-0.9999210442  0.0 
-0.9996841893  0.0 
-0.9992894726  0.0 
-0.9987369566  0.0 
-0.9980267284  0.0 
-0.9971589003  0.0 
-0.9961336091  0.0 
-0.9949510170  0.0 
-0.9936113105  0.0 
-0.9921147013  0.0 
-0.9904614257  0.0 
-0.9886517447  0.0 
-0.9866859442  0.0 
-0.9845643345  0.0 
-0.9822872507  0.0 
-0.9798550524  0.0 
-0.9772681236  0.0 
-0.9745268728  0.0 
-0.9716317329  0.0 
-0.9685831611  0.0 
-0.9653816388  0.0 
-0.9620276716  0.0 
-0.9585217890  0.0 
-0.9548645447  0.0 
-0.9510565163  0.0 
-0.9470983050  0.0 
-0.9429905359  0.0 
-0.9387338577  0.0 
-0.9343289425  0.0 
-0.9297764859  0.0 
-0.9250772068  0.0 
-0.9202318474  0.0 
-0.9152411726  0.0 
-0.9101059707  0.0 
-0.9048270525  0.0 
-0.8994052516  0.0 
-0.8938414242  0.0 
-0.8881364488  0.0 
-0.8822912264  0.0 
-0.8763066800  0.0 
-0.8701837547  0.0 
-0.8639234172  0.0 
-0.8575266562  0.0 
-0.8509944818  0.0 
-0.8443279255  0.0 
-0.8375280400  0.0 
-0.8305958992  0.0 
-0.8235325976  0.0 
-0.8163392507  0.0 
-0.8090169944  0.0 
-0.8015669849  0.0 
-0.7939903986  0.0 
-0.7862884321  0.0 
-0.7784623016  0.0 
-0.7705132428  0.0 
-0.7624425110  0.0 
-0.7542513807  0.0 
-0.7459411454  0.0 
-0.7375131174  0.0 
-0.7289686274  0.0 
-0.7203090249  0.0 
-0.7115356772  0.0 
-0.7026499698  0.0 
-0.6936533058  0.0 
-0.6845471059  0.0 
-0.6753328081  0.0 
-0.6660118674  0.0 
-0.6565857558  0.0 
-0.6470559616  0.0 
-0.6374239897  0.0 
-0.6276913613  0.0 
-0.6178596131  0.0 
-0.6079302977  0.0 
-0.5979049831  0.0 
-0.5877852523  0.0 
-0.5775727034  0.0 
-0.5672689491  0.0 
-0.5568756165  0.0 
-0.5463943467  0.0 
-0.5358267950  0.0 
-0.5251746300  0.0 
-0.5144395338  0.0 
-0.5036232016  0.0 
-0.4927273415  0.0 
-0.4817536741  0.0 
-0.4707039322  0.0 
-0.4595798606  0.0 
-0.4483832161  0.0 
-0.4371157667  0.0 
-0.4257792916  0.0 
-0.4143755810  0.0 
-0.4029064357  0.0 
-0.3913736668  0.0 
-0.3797790955  0.0 
-0.3681245527  0.0 
-0.3564118787  0.0 
-0.3446429232  0.0 
-0.3328195445  0.0 
-0.3209436098  0.0 
-0.3090169944  0.0 
-0.2970415816  0.0 
-0.2850192625  0.0 
-0.2729519355  0.0 
-0.2608415063  0.0 
-0.2486898872  0.0 
-0.2364989970  0.0 
-0.2242707609  0.0 
-0.2120071099  0.0 
-0.1997099805  0.0 
-0.1873813146  0.0 
-0.1750230590  0.0 
-0.1626371652  0.0 
-0.1502255891  0.0 
-0.1377902907  0.0 
-0.1253332336  0.0 
-0.1128563849  0.0 
-0.1003617149  0.0 
-0.0878511966  0.0 
-0.0753268055  0.0 
-0.0627905195  0.0 
-0.0502443182  0.0 
-0.0376901827  0.0 
-0.0251300954  0.0 
-0.0125660399  0.0 
0.0000000000  0.0 
0.0125660399  0.0 
0.0251300954  0.0 
0.0376901827  0.0 
0.0502443182  0.0 
0.0627905195  0.0 
0.0753268055  0.0 
0.0878511966  0.0 
0.1003617149  0.0 
0.1128563849  0.0 
0.1253332336  0.0 
0.1377902907  0.0 
0.1502255891  0.0 
0.1626371652  0.0 
0.1750230590  0.0 
0.1873813146  0.0 
0.1997099805  0.0 
0.2120071099  0.0 
0.2242707609  0.0 
0.2364989970  0.0 
0.2486898872  0.0 
0.2608415063  0.0 
0.2729519355  0.0 
0.2850192625  0.0 
0.2970415816  0.0 
0.3090169944  0.0 
0.3209436098  0.0 
0.3328195445  0.0 
0.3446429232  0.0 
0.3564118787  0.0 
0.3681245527  0.0 
0.3797790955  0.0 
0.3913736668  0.0 
0.4029064357  0.0 
0.4143755810  0.0 
0.4257792916  0.0 
0.4371157667  0.0 
0.4483832161  0.0 
0.4595798606  0.0 
0.4707039322  0.0 
0.4817536741  0.0 
0.4927273415  0.0 
0.5036232016  0.0 
0.5144395338  0.0 
0.5251746300  0.0 
0.5358267950  0.0 
0.5463943467  0.0 
0.5568756165  0.0 
0.5672689491  0.0 
0.5775727034  0.0 
0.5877852523  0.0 
0.5979049831  0.0 
0.6079302977  0.0 
0.6178596131  0.0 
0.6276913613  0.0 
0.6374239897  0.0 
0.6470559616  0.0 
0.6565857558  0.0 
0.6660118674  0.0 
0.6753328081  0.0 
0.6845471059  0.0 
0.6936533058  0.0 
0.7026499698  0.0 
0.7115356772  0.0 
0.7203090249  0.0 
0.7289686274  0.0 
0.7375131174  0.0 
0.7459411454  0.0 
0.7542513807  0.0 
0.7624425110  0.0 
0.7705132428  0.0 
0.7784623016  0.0 
0.7862884321  0.0 
0.7939903986  0.0 
0.8015669849  0.0 
0.8090169944  0.0 
0.8163392507  0.0 
0.8235325976  0.0 
0.8305958992  0.0 
0.8375280400  0.0 
0.8443279255  0.0 
0.8509944818  0.0 
0.8575266562  0.0 
0.8639234172  0.0 
0.8701837547  0.0 
0.8763066800  0.0 
0.8822912264  0.0 
0.8881364488  0.0 
0.8938414242  0.0 
0.8994052516  0.0 
0.9048270525  0.0 
0.9101059707  0.0 
0.9152411726  0.0 
0.9202318474  0.0 
0.9250772068  0.0 
0.9297764859  0.0 
0.9343289425  0.0 
0.9387338577  0.0 
0.9429905359  0.0 
0.9470983050  0.0 
0.9510565163  0.0 
0.9548645447  0.0 
0.9585217890  0.0 
0.9620276716  0.0 
0.9653816388  0.0 
0.9685831611  0.0 
0.9716317329  0.0 
0.9745268728  0.0 
0.9772681236  0.0 
0.9798550524  0.0 
0.9822872507  0.0 
0.9845643345  0.0 
0.9866859442  0.0 
0.9886517447  0.0 
0.9904614257  0.0 
0.9921147013  0.0 
0.9936113105  0.0 
0.9949510170  0.0 
0.9961336091  0.0 
0.9971589003  0.0 
0.9980267284  0.0 
0.9987369566  0.0 
0.9992894726  0.0 
0.9996841893  0.0 
0.9999210442  0.0 
1.0000000000  0.0 
0.9999210442  0.0 
0.9996841893  0.0 
0.9992894726  0.0 
0.9987369566  0.0 
0.9980267284  0.0 
0.9971589003  0.0 
0.9961336091  0.0 
0.9949510170  0.0 
0.9936113105  0.0 
0.9921147013  0.0 
0.9904614257  0.0 
0.9886517447  0.0 
0.9866859442  0.0 
0.9845643345  0.0 
0.9822872507  0.0 
0.9798550524  0.0 
0.9772681236  0.0 
0.9745268728  0.0 
0.9716317329  0.0 
0.9685831611  0.0 
0.9653816388  0.0 
0.9620276716  0.0 
0.9585217890  0.0 
0.9548645447  0.0 
0.9510565163  0.0 
0.9470983050  0.0 
0.9429905359  0.0 
0.9387338577  0.0 
0.9343289425  0.0 
0.9297764859  0.0 
0.9250772068  0.0 
0.9202318474  0.0 
0.9152411726  0.0 
0.9101059707  0.0 
0.9048270525  0.0 
0.8994052516  0.0 
0.8938414242  0.0 
0.8881364488  0.0 
0.8822912264  0.0 
0.8763066800  0.0 
0.8701837547  0.0 
0.8639234172  0.0 
0.8575266562  0.0 
0.8509944818  0.0 
0.8443279255  0.0 
0.8375280400  0.0 
0.8305958992  0.0 
0.8235325976  0.0 
0.8163392507  0.0 
0.8090169944  0.0 
0.8015669849  0.0 
0.7939903986  0.0 
0.7862884321  0.0 
0.7784623016  0.0 
0.7705132428  0.0 
0.7624425110  0.0 
0.7542513807  0.0 
0.7459411454  0.0 
0.7375131174  0.0 
0.7289686274  0.0 
0.7203090249  0.0 
0.7115356772  0.0 
0.7026499698  0.0 
0.6936533058  0.0 
0.6845471059  0.0 
0.6753328081  0.0 
0.6660118674  0.0 
0.6565857558  0.0 
0.6470559616  0.0 
0.6374239897  0.0 
0.6276913613  0.0 
0.6178596131  0.0 
0.6079302977  0.0 
0.5979049831  0.0 
0.5877852523  0.0 
0.5775727034  0.0 
0.5672689491  0.0 
0.5568756165  0.0 
0.5463943467  0.0 
0.5358267950  0.0 
0.5251746300  0.0 
0.5144395338  0.0 
0.5036232016  0.0 
0.4927273415  0.0 
0.4817536741  0.0 
0.4707039322  0.0 
0.4595798606  0.0 
0.4483832161  0.0 
0.4371157667  0.0 
0.4257792916  0.0 
0.4143755810  0.0 
0.4029064357  0.0 
0.3913736668  0.0 
0.3797790955  0.0 
0.3681245527  0.0 
0.3564118787  0.0 
0.3446429232  0.0 
0.3328195445  0.0 
0.3209436098  0.0 
0.3090169944  0.0 
0.2970415816  0.0 
0.2850192625  0.0 
0.2729519355  0.0 
0.2608415063  0.0 
0.2486898872  0.0 
0.2364989970  0.0 
0.2242707609  0.0 
0.2120071099  0.0 
0.1997099805  0.0 
0.1873813146  0.0 
0.1750230590  0.0 
0.1626371652  0.0 
0.1502255891  0.0 
0.1377902907  0.0 
0.1253332336  0.0 
0.1128563849  0.0 
0.1003617149  0.0 
0.0878511966  0.0 
0.0753268055  0.0 
0.0627905195  0.0 
0.0502443182  0.0 
0.0376901827  0.0 
0.0251300954  0.0 
0.0125660399  0.0 
-0.0000000000  0.0 
-0.0125660399  0.0 
-0.0251300954  0.0 
-0.0376901827  0.0 
-0.0502443182  0.0 
-0.0627905195  0.0 
-0.0753268055  0.0 
-0.0878511966  0.0 
-0.1003617149  0.0 
-0.1128563849  0.0 
-0.1253332336  0.0 
-0.1377902907  0.0 
-0.1502255891  0.0 
-0.1626371652  0.0 
-0.1750230590  0.0 
-0.1873813146  0.0 
-0.1997099805  0.0 
-0.2120071099  0.0 
-0.2242707609  0.0 
-0.2364989970  0.0 
-0.2486898872  0.0 
-0.2608415063  0.0 
-0.2729519355  0.0 
-0.2850192625  0.0 
-0.2970415816  0.0 
-0.3090169944  0.0 
-0.3209436098  0.0 
-0.3328195445  0.0 
-0.3446429232  0.0 
-0.3564118787  0.0 
-0.3681245527  0.0 
-0.3797790955  0.0 
-0.3913736668  0.0 
-0.4029064357  0.0 
-0.4143755810  0.0 
-0.4257792916  0.0 
-0.4371157667  0.0 
-0.4483832161  0.0 
-0.4595798606  0.0 
-0.4707039322  0.0 
-0.4817536741  0.0 
-0.4927273415  0.0 
-0.5036232016  0.0 
-0.5144395338  0.0 
-0.5251746300  0.0 
-0.5358267950  0.0 
-0.5463943467  0.0 
-0.5568756165  0.0 
-0.5672689491  0.0 
-0.5775727034  0.0 
-0.5877852523  0.0 
-0.5979049831  0.0 
-0.6079302977  0.0 
-0.6178596131  0.0 
-0.6276913613  0.0 
-0.6374239897  0.0 
-0.6470559616  0.0 
-0.6565857558  0.0 
-0.6660118674  0.0 
-0.6753328081  0.0 
-0.6845471059  0.0 
-0.6936533058  0.0 
-0.7026499698  0.0 
-0.7115356772  0.0 
-0.7203090249  0.0 
-0.7289686274  0.0 
-0.7375131174  0.0 
-0.7459411454  0.0 
-0.7542513807  0.0 
-0.7624425110  0.0 
-0.7705132428  0.0 
-0.7784623016  0.0 
-0.7862884321  0.0 
-0.7939903986  0.0 
-0.8015669849  0.0 
-0.8090169944  0.0 
-0.8163392507  0.0 
-0.8235325976  0.0 
-0.8305958992  0.0 
-0.8375280400  0.0 
-0.8443279255  0.0 
-0.8509944818  0.0 
-0.8575266562  0.0 
-0.8639234172  0.0 
-0.8701837547  0.0 
-0.8763066800  0.0 
-0.8822912264  0.0 
-0.8881364488  0.0 
-0.8938414242  0.0 
-0.8994052516  0.0 
-0.9048270525  0.0 
-0.9101059707  0.0 
-0.9152411726  0.0 
-0.9202318474  0.0 
-0.9250772068  0.0 
-0.9297764859  0.0 
-0.9343289425  0.0 
-0.9387338577  0.0 
-0.9429905359  0.0 
-0.9470983050  0.0 
-0.9510565163  0.0 
-0.9548645447  0.0 
-0.9585217890  0.0 
-0.9620276716  0.0 
-0.9653816388  0.0 
-0.9685831611  0.0 
-0.9716317329  0.0 
-0.9745268728  0.0 
-0.9772681236  0.0 
-0.9798550524  0.0 
-0.9822872507  0.0 
-0.9845643345  0.0 
-0.9866859442  0.0 
-0.9886517447  0.0 
-0.9904614257  0.0 
-0.9921147013  0.0 
-0.9936113105  0.0 
-0.9949510170  0.0 
-0.9961336091  0.0 
-0.9971589003  0.0 
-0.9980267284  0.0 
-0.9987369566  0.0 
-0.9992894726  0.0 
-0.9996841893  0.0 
-0.9999210442  0.0 
-1.0000000000  0.0 
-0.9999210442  0.0 
-0.9996841893  0.0 
-0.9992894726  0.0 
-0.9987369566  0.0 
-0.9980267284  0.0 
-0.9971589003  0.0 
-0.9961336091  0.0 
-0.9949510170  0.0 
-0.9936113105  0.0 
-0.9921147013  0.0 
-0.9904614257  0.0 
-0.9886517447  0.0 
-0.9866859442  0.0 
-0.9845643345  0.0 
-0.9822872507  0.0 
-0.9798550524  0.0 
-0.9772681236  0.0 
-0.9745268728  0.0 
-0.9716317329  0.0 
-0.9685831611  0.0 
-0.9653816388  0.0 
-0.9620276716  0.0 
-0.9585217890  0.0 
-0.9548645447  0.0 
-0.9510565163  0.0 
-0.9470983050  0.0 
-0.9429905359  0.0 
-0.9387338577  0.0 
-0.9343289425  0.0 
-0.9297764859  0.0 
-0.9250772068  0.0 
-0.9202318474  0.0 
-0.9152411726  0.0 
-0.9101059707  0.0 
-0.9048270525  0.0 
-0.8994052516  0.0 
-0.8938414242  0.0 
-0.8881364488  0.0 
-0.8822912264  0.0 
-0.8763066800  0.0 
-0.8701837547  0.0 
-0.8639234172  0.0 
-0.8575266562  0.0 
-0.8509944818  0.0 
-0.8443279255  0.0 
-0.8375280400  0.0 
-0.8305958992  0.0 
-0.8235325976  0.0 
-0.8163392507  0.0 
-0.8090169944  0.0 
-0.8015669849  0.0 
-0.7939903986  0.0 
-0.7862884321  0.0 
-0.7784623016  0.0 
-0.7705132428  0.0 
-0.7624425110  0.0 
-0.7542513807  0.0 
-0.7459411454  0.0 
-0.7375131174  0.0 
-0.7289686274  0.0 
-0.7203090249  0.0 
-0.7115356772  0.0 
-0.7026499698  0.0 
-0.6936533058  0.0 
-0.6845471059  0.0 
-0.6753328081  0.0 
-0.6660118674  0.0 
-0.6565857558  0.0 
-0.6470559616  0.0 
-0.6374239897  0.0 
-0.6276913613  0.0 
-0.6178596131  0.0 
-0.6079302977  0.0 
-0.5979049831  0.0 
-0.5877852523  0.0 
-0.5775727034  0.0 
-0.5672689491  0.0 
-0.5568756165  0.0 
-0.5463943467  0.0 
-0.5358267950  0.0 
-0.5251746300  0.0 
-0.5144395338  0.0 
-0.5036232016  0.0 
-0.4927273415  0.0 
-0.4817536741  0.0 
-0.4707039322  0.0 
-0.4595798606  0.0 
-0.4483832161  0.0 
-0.4371157667  0.0 
-0.4257792916  0.0 
-0.4143755810  0.0 
-0.4029064357  0.0 
-0.3913736668  0.0 
-0.3797790955  0.0 
-0.3681245527  0.0 
-0.3564118787  0.0 
-0.3446429232  0.0 
-0.3328195445  0.0 
-0.3209436098  0.0 
-0.3090169944  0.0 
-0.2970415816  0.0 
-0.2850192625  0.0 
-0.2729519355  0.0 
-0.2608415063  0.0 
-0.2486898872  0.0 
-0.2364989970  0.0 
-0.2242707609  0.0 
-0.2120071099  0.0 
-0.1997099805  0.0 
-0.1873813146  0.0 
-0.1750230590  0.0 
-0.1626371652  0.0 
-0.1502255891  0.0 
-0.1377902907  0.0 
-0.1253332336  0.0 
-0.1128563849  0.0 
-0.1003617149  0.0 
-0.0878511966  0.0 
-0.0753268055  0.0 
-0.0627905195  0.0 
-0.0502443182  0.0 
-0.0376901827  0.0 
-0.0251300954  0.0 
-0.0125660399  0.0 
0.0000000000  0.0 
0.0125660399  0.0 
0.0251300954  0.0 
0.0376901827  0.0 
0.0502443182  0.0 
0.0627905195  0.0 
0.0753268055  0.0 
0.0878511966  0.0 
0.1003617149  0.0 
0.1128563849  0.0 
0.1253332336  0.0 
0.1377902907  0.0 
0.1502255891  0.0 
0.1626371652  0.0 
0.1750230590  0.0 
0.1873813146  0.0 
0.1997099805  0.0 
0.2120071099  0.0 
0.2242707609  0.0 
0.2364989970  0.0 
0.2486898872  0.0 
0.2608415063  0.0 
0.2729519355  0.0 
0.2850192625  0.0 
0.2970415816  0.0 
0.3090169944  0.0 
0.3209436098  0.0 
0.3328195445  0.0 
0.3446429232  0.0 
0.3564118787  0.0 
0.3681245527  0.0 
0.3797790955  0.0 
0.3913736668  0.0 
0.4029064357  0.0 
0.4143755810  0.0 
0.4257792916  0.0 
0.4371157667  0.0 
0.4483832161  0.0 
0.4595798606  0.0 
0.4707039322  0.0 
0.4817536741  0.0 
0.4927273415  0.0 
0.5036232016  0.0 
0.5144395338  0.0 
0.5251746300  0.0 
0.5358267950  0.0 
0.5463943467  0.0 
0.5568756165  0.0 
0.5672689491  0.0 
0.5775727034  0.0 
0.5877852523  0.0 
0.5979049831  0.0 
0.6079302977  0.0 
0.6178596131  0.0 
0.6276913613  0.0 
0.6374239897  0.0 
0.6470559616  0.0 
0.6565857558  0.0 
0.6660118674  0.0 
0.6753328081  0.0 
0.6845471059  0.0 
0.6936533058  0.0 
0.7026499698  0.0 
0.7115356772  0.0 
0.7203090249  0.0 
0.7289686274  0.0 
0.7375131174  0.0 
0.7459411454  0.0 
0.7542513807  0.0 
0.7624425110  0.0 
0.7705132428  0.0 
0.7784623016  0.0 
0.7862884321  0.0 
0.7939903986  0.0 
0.8015669849  0.0 
0.8090169944  0.0 
0.8163392507  0.0 
0.8235325976  0.0 
0.8305958992  0.0 
0.8375280400  0.0 
0.8443279255  0.0 
0.8509944818  0.0 
0.8575266562  0.0 
0.8639234172  0.0 
0.8701837547  0.0 
0.8763066800  0.0 
0.8822912264  0.0 
0.8881364488  0.0 
0.8938414242  0.0 
0.8994052516  0.0 
0.9048270525  0.0 
0.9101059707  0.0 
0.9152411726  0.0 
0.9202318474  0.0 
0.9250772068  0.0 
0.9297764859  0.0 
0.9343289425  0.0 
0.9387338577  0.0 
0.9429905359  0.0 
0.9470983050  0.0 
0.9510565163  0.0 
0.9548645447  0.0 
0.9585217890  0.0 
0.9620276716  0.0 
0.9653816388  0.0 
0.9685831611  0.0 
0.9716317329  0.0 
0.9745268728  0.0 
0.9772681236  0.0 
0.9798550524  0.0 
0.9822872507  0.0 
0.9845643345  0.0 
0.9866859442  0.0 
0.9886517447  0.0 
0.9904614257  0.0 
0.9921147013  0.0 
0.9936113105  0.0 
0.9949510170  0.0 
0.9961336091  0.0 
0.9971589003  0.0 
0.9980267284  0.0 
0.9987369566  0.0 
0.9992894726  0.0 
0.9996841893  0.0 
0.9999210442  0.0 
1.0000000000  0.0 
0.9999210442  0.0 
0.9996841893  0.0 
0.9992894726  0.0 
0.9987369566  0.0 
0.9980267284  0.0 
0.9971589003  0.0 
0.9961336091  0.0 
0.9949510170  0.0 
0.9936113105  0.0 
0.9921147013  0.0 
0.9904614257  0.0 
0.9886517447  0.0 
0.9866859442  0.0 
0.9845643345  0.0 
0.9822872507  0.0 
0.9798550524  0.0 
0.9772681236  0.0 
0.9745268728  0.0 
0.9716317329  0.0 
0.9685831611  0.0 
0.9653816388  0.0 
0.9620276716  0.0 
0.9585217890  0.0 
0.9548645447  0.0 
0.9510565163  0.0 
0.9470983050  0.0 
0.9429905359  0.0 
0.9387338577  0.0 
0.9343289425  0.0 
0.9297764859  0.0 
0.9250772068  0.0 
0.9202318474  0.0 
0.9152411726  0.0 
0.9101059707  0.0 
0.9048270525  0.0 
0.8994052516  0.0 
0.8938414242  0.0 
0.8881364488  0.0 
0.8822912264  0.0 
0.8763066800  0.0 
0.8701837547  0.0 
0.8639234172  0.0 
0.8575266562  0.0 
0.8509944818  0.0 
0.8443279255  0.0 
0.8375280400  0.0 
0.8305958992  0.0 
0.8235325976  0.0 
0.8163392507  0.0 
0.8090169944  0.0 
0.8015669849  0.0 
0.7939903986  0.0 
0.7862884321  0.0 
0.7784623016  0.0 
0.7705132428  0.0 
0.7624425110  0.0 
0.7542513807  0.0 
0.7459411454  0.0 
0.7375131174  0.0 
0.7289686274  0.0 
0.7203090249  0.0 
0.7115356772  0.0 
0.7026499698  0.0 
0.6936533058  0.0 
0.6845471059  0.0 
0.6753328081  0.0 
0.6660118674  0.0 
0.6565857558  0.0 
0.6470559616  0.0 
0.6374239897  0.0 
0.6276913613  0.0 
0.6178596131  0.0 
0.6079302977  0.0 
0.5979049831  0.0 
0.5877852523  0.0 
0.5775727034  0.0 
0.5672689491  0.0 
0.5568756165  0.0 
0.5463943467  0.0 
0.5358267950  0.0 
0.5251746300  0.0 
0.5144395338  0.0 
0.5036232016  0.0 
0.4927273415  0.0 
0.4817536741  0.0 
0.4707039322  0.0 
0.4595798606  0.0 
0.4483832161  0.0 
0.4371157667  0.0 
0.4257792916  0.0 
0.4143755810  0.0 
0.4029064357  0.0 
0.3913736668  0.0 
0.3797790955  0.0 
0.3681245527  0.0 
0.3564118787  0.0 
0.3446429232  0.0 
0.3328195445  0.0 
0.3209436098  0.0 
0.3090169944  0.0 
0.2970415816  0.0 
0.2850192625  0.0 
0.2729519355  0.0 
0.2608415063  0.0 
0.2486898872  0.0 
0.2364989970  0.0 
0.2242707609  0.0 
0.2120071099  0.0 
0.1997099805  0.0 
0.1873813146  0.0 
0.1750230590  0.0 
0.1626371652  0.0 
0.1502255891  0.0 
0.1377902907  0.0 
0.1253332336  0.0 
0.1128563849  0.0 
0.1003617149  0.0 
0.0878511966  0.0 
0.0753268055  0.0 
0.0627905195  0.0 
0.0502443182  0.0 
0.0376901827  0.0 
0.0251300954  0.0 
0.0125660399  0.0 
-0.0000000000  0.0 
-0.0125660399  0.0 
-0.0251300954  0.0 
-0.0376901827  0.0 
-0.0502443182  0.0 
-0.0627905195  0.0 
-0.0753268055  0.0 
-0.0878511966  0.0 
-0.1003617149  0.0 
-0.1128563849  0.0 
-0.1253332336  0.0 
-0.1377902907  0.0 
-0.1502255891  0.0 
-0.1626371652  0.0 
-0.1750230590  0.0 
-0.1873813146  0.0 
-0.1997099805  0.0 
-0.2120071099  0.0 
-0.2242707610  0.0 
-0.2364989970  0.0 
-0.2486898872  0.0 
-0.2608415063  0.0 
-0.2729519355  0.0 
-0.2850192625  0.0 
-0.2970415816  0.0 
-0.3090169944  0.0 
-0.3209436098  0.0 
-0.3328195445  0.0 
-0.3446429232  0.0 
-0.3564118787  0.0 
-0.3681245527  0.0 
-0.3797790955  0.0 
-0.3913736668  0.0 
-0.4029064357  0.0 
-0.4143755810  0.0 
-0.4257792916  0.0 
-0.4371157667  0.0 
-0.4483832161  0.0 
-0.4595798606  0.0 
-0.4707039322  0.0 
-0.4817536741  0.0 
-0.4927273415  0.0 
-0.5036232016  0.0 
-0.5144395338  0.0 
-0.5251746300  0.0 
-0.5358267950  0.0 
-0.5463943467  0.0 
-0.5568756165  0.0 
-0.5672689491  0.0 
-0.5775727034  0.0 
-0.5877852523  0.0 
-0.5979049831  0.0 
-0.6079302977  0.0 
-0.6178596131  0.0 
-0.6276913613  0.0 
-0.6374239897  0.0 
-0.6470559616  0.0 
-0.6565857558  0.0 
-0.6660118674  0.0 
-0.6753328081  0.0 
-0.6845471059  0.0 
-0.6936533058  0.0 
-0.7026499698  0.0 
-0.7115356772  0.0 
-0.7203090249  0.0 
-0.7289686274  0.0 
-0.7375131174  0.0 
-0.7459411454  0.0 
-0.7542513807  0.0 
-0.7624425110  0.0 
-0.7705132428  0.0 
-0.7784623016  0.0 
-0.7862884321  0.0 
-0.7939903986  0.0 
-0.8015669849  0.0 
-0.8090169944  0.0 
-0.8163392507  0.0 
-0.8235325976  0.0 
-0.8305958992  0.0 
-0.8375280400  0.0 
-0.8443279255  0.0 
-0.8509944818  0.0 
-0.8575266562  0.0 
-0.8639234172  0.0 
-0.8701837547  0.0 
-0.8763066800  0.0 
-0.8822912264  0.0 
-0.8881364488  0.0 
-0.8938414242  0.0 
-0.8994052516  0.0 
-0.9048270525  0.0 
-0.9101059707  0.0 
-0.9152411726  0.0 
-0.9202318474  0.0 
-0.9250772068  0.0 
-0.9297764859  0.0 
-0.9343289425  0.0 
-0.9387338577  0.0 
-0.9429905359  0.0 
-0.9470983050  0.0 
-0.9510565163  0.0 
-0.9548645447  0.0 
-0.9585217890  0.0 
-0.9620276716  0.0 
-0.9653816388  0.0 
-0.9685831611  0.0 
-0.9716317329  0.0 
-0.9745268728  0.0 
-0.9772681236  0.0 
-0.9798550524  0.0 
-0.9822872507  0.0 
-0.9845643345  0.0 
-0.9866859442  0.0 
-0.9886517447  0.0 
-0.9904614257  0.0 
-0.9921147013  0.0 
-0.9936113105  0.0 
-0.9949510170  0.0 
-0.9961336091  0.0 
-0.9971589003  0.0 
-0.9980267284  0.0 
-0.9987369566  0.0 
-0.9992894726  0.0 
-0.9996841893  0.0 
-0.9999210442  0.0 
-1.0000000000  0.0 
-0.9999210442  0.0 
-0.9996841893  0.0 
-0.9992894726  0.0 
-0.9987369566  0.0 
-0.9980267284  0.0 
-0.9971589003  0.0 
-0.9961336091  0.0 
-0.9949510170  0.0 
-0.9936113105  0.0 
-0.9921147013  0.0 
-0.9904614257  0.0 
-0.9886517447  0.0 
-0.9866859442  0.0 
-0.9845643345  0.0 
-0.9822872507  0.0 
-0.9798550524  0.0 
-0.9772681236  0.0 
-0.9745268728  0.0 
-0.9716317329  0.0 
-0.9685831611  0.0 
-0.9653816388  0.0 
-0.9620276716  0.0 
-0.9585217890  0.0 
-0.9548645447  0.0 
-0.9510565163  0.0 
-0.9470983050  0.0 
-0.9429905359  0.0 
-0.9387338577  0.0 
-0.9343289425  0.0 
-0.9297764859  0.0 
-0.9250772068  0.0 
-0.9202318474  0.0 
-0.9152411726  0.0 
-0.9101059707  0.0 
-0.9048270525  0.0 
-0.8994052516  0.0 
-0.8938414242  0.0 
-0.8881364488  0.0 
-0.8822912264  0.0 
-0.8763066800  0.0 
-0.8701837547  0.0 
-0.8639234172  0.0 
-0.8575266562  0.0 
-0.8509944818  0.0 
-0.8443279255  0.0 
-0.8375280400  0.0 
-0.8305958992  0.0 
-0.8235325976  0.0 
-0.8163392507  0.0 
-0.8090169944  0.0 
-0.8015669849  0.0 
-0.7939903986  0.0 
-0.7862884321  0.0 
-0.7784623016  0.0 
-0.7705132428  0.0 
-0.7624425110  0.0 
-0.7542513807  0.0 
-0.7459411454  0.0 
-0.7375131174  0.0 
-0.7289686274  0.0 
-0.7203090249  0.0 
-0.7115356772  0.0 
-0.7026499698  0.0 
-0.6936533058  0.0 
-0.6845471059  0.0 
-0.6753328081  0.0 
-0.6660118674  0.0 
-0.6565857558  0.0 
-0.6470559616  0.0 
-0.6374239897  0.0 
-0.6276913613  0.0 
-0.6178596131  0.0 
-0.6079302977  0.0 
-0.5979049831  0.0 
-0.5877852523  0.0 
-0.5775727034  0.0 
-0.5672689491  0.0 
-0.5568756165  0.0 
-0.5463943467  0.0 
-0.5358267950  0.0 
-0.5251746300  0.0 
-0.5144395338  0.0 
-0.5036232016  0.0 
-0.4927273415  0.0 
-0.4817536741  0.0 
-0.4707039322  0.0 
-0.4595798606  0.0 
-0.4483832161  0.0 
-0.4371157667  0.0 
-0.4257792916  0.0 
-0.4143755810  0.0 
-0.4029064357  0.0 
-0.3913736668  0.0 
-0.3797790955  0.0 
-0.3681245527  0.0 
-0.3564118787  0.0 
-0.3446429232  0.0 
-0.3328195445  0.0 
-0.3209436098  0.0 
-0.3090169944  0.0 
-0.2970415816  0.0 
-0.2850192625  0.0 
-0.2729519355  0.0 
-0.2608415063  0.0 
-0.2486898872  0.0 
-0.2364989970  0.0 
-0.2242707609  0.0 
-0.2120071099  0.0 
-0.1997099805  0.0 
-0.1873813146  0.0 
-0.1750230590  0.0 
-0.1626371652  0.0 
-0.1502255891  0.0 
-0.1377902907  0.0 
-0.1253332336  0.0 
-0.1128563849  0.0 
-0.1003617149  0.0 
-0.0878511965  0.0 
-0.0753268055  0.0 
-0.0627905195  0.0 
-0.0502443182  0.0 
-0.0376901827  0.0 
-0.0251300954  0.0 
-0.0125660399  0.0 
